"position" "nucleotide" "prior_slope" "prior_intercept"
1 "-" 0.316926980496965 -5.24517781846959
1 "C" 0.213251287225593 -1.74305846262964
1 "G" 0.115509713896474 -1.4845529552235
1 "T" 0.263304135198072 -0.135595681644133
2 "-" 0.198212949364809 -3.24983222235688
2 "A" 0.267946804202055 -0.0709056797840319
2 "C" 0.157017040621531 -0.00971823043040633
2 "G" 0.231958959535407 -3.22102459586829
3 "-" 0.186707106895579 -2.63677158508888
3 "A" 0.169277144212398 -2.41851080601731
3 "C" 0.349801232709378 -5.34173757366841
3 "T" 0.0952179509881004 1.12449127675736
4 "-" 0.140120445973997 -0.856483331208265
4 "A" 0.331137517747085 -0.00221625640697276
4 "G" NA NA
4 "T" 0.0762442511641922 1.59753725680911
5 "-" 0.14429400172543 -0.908374826098885
5 "A" 0.191463139683775 -1.80125355389545
5 "C" 0.252521347352188 -0.213584851670219
5 "T" 0.496852034176083 -0.925836690292493
6 "-" 0.245026689026843 -3.29220916446521
6 "A" 0.361378180226316 0.642758421947562
6 "C" 0.0898680140714435 0.884028748072425
6 "G" 0.812132261566008 -2.02735748525723
7 "-" 0.112634177924482 -3.8923434334211
7 "A" 0.743015688390931 -4.31116314079338
7 "G" 0.322386041278315 -0.969217144776578
7 "T" 0.293880302055441 1.56024692370184
8 "-" 0.212046942120447 -5.96139600627502
8 "A" 0.209830451919257 0.023984807430274
8 "C" 0.27758127459832 -1.22916167272533
8 "G" 0.0773748189600693 1.66925929352121
9 "-" 0.103874254290619 -3.20931745083649
9 "A" 0.193224944934481 -1.39025969001732
9 "C" 0.100612004801217 0.708605274159511
9 "T" 0.283187378471721 -0.689245977953963
10 "-" 0.135658034218301 -1.56791832542932
10 "A" 0.135976563030826 1.06372354789428
10 "G" NA NA
10 "T" 0.210820723954958 -0.75487255957453
11 "-" 0.437697123331264 -8.65971046469054
11 "A" 0.3046929585234 -1.60579077593745
11 "C" 0.236105197119738 -2.65379808172999
11 "G" 0.515984640612437 -1.66765159093945
12 "-" 0.365673183211733 -6.89897802892689
12 "A" 0.289880851175274 -1.31376624249281
12 "C" 0.277387063888887 -1.79399145707194
12 "T" NA NA
13 "-" 0.584228863582797 -6.49372483367534
13 "A" 0.159532434824833 0.611759249351717
13 "G" NA NA
13 "T" 0.143625530507038 0.208861371320097
14 "-" 0.356688196321876 -6.68736913775393
14 "C" 0.415879867961156 -4.25094978429714
14 "G" 0.204962587959736 -2.43112983405479
14 "T" 0.230406636620298 -0.269196429960492
15 "-" 0.394569555242161 -6.99414855978752
15 "A" 0.261124044731065 -0.263299223399291
15 "C" 0.267159093819071 -3.6135800361501
15 "G" 0.506885347186632 -5.3640284818858
16 "-" 0.977563176170231 -12.7313096761955
16 "A" 0.253957802863246 -1.07380810906296
16 "C" 0.256089191685853 -2.39535283134051
16 "T" 0.137521197424509 1.5987398986448
17 "-" 0.192913249986808 -3.69000628713493
17 "C" 0.119210618184621 -1.44304330612183
17 "G" 0.202406645091303 -1.06609312223724
17 "T" 0.162305676362036 1.25529415550736
18 "-" 0.195470487739633 -3.47501365806677
18 "C" 0.192412376202347 -1.00712946639984
18 "G" 0.256520024126132 -2.95126278319612
18 "T" 0.178393638276513 -0.11784590813868
19 "-" 0.198941242798487 -3.30798369010642
19 "A" 0.322037683600445 0.0146005100669935
19 "C" 0.0117093155924434 2.14108625025456
19 "G" 0.190149996886115 -2.59708065664194
20 "-" 0.126213018188403 0.168336373237776
20 "A" 0.135744207565848 1.3928136263085
20 "C" 0.236103011327738 -0.275323778064848
20 "G" 0.244742043330579 -3.04236824950569
21 "-" 0.344764226367581 -1.80825327139543
21 "A" 0.197920537402099 0.939029480641501
21 "C" 0.26984868772989 -1.66150688318483
21 "G" 0.194797734262527 -0.219383553096643
22 "-" 0.198307611033387 -1.20705101979559
22 "A" 0.177028752942823 -2.31621248370247
22 "C" 0.817813344202902 -2.10145198383888
22 "T" 0.226245366104851 1.8303214213986
23 "-" 0.187504046535529 -0.458680012092419
23 "A" 0.303044555298381 -1.5762142610577
23 "C" NA NA
23 "T" 0.0298822715219579 3.02293251866504
24 "-" 0.153264810611315 -1.41714207631345
24 "A" 0.0950895760323625 2.52166211926701
24 "C" 0.181151544274699 -0.164456647858386
24 "G" 0.287874784147772 -0.668226081496158
25 "-" 0.0348552463358635 -2.75881135494237
25 "A" 0.379733540050629 -1.89856140246985
25 "G" 0.437004641093314 -1.78888729734303
25 "T" 0.126363571643843 1.93437717420099
26 "-" 0.197362637597265 -6.8414473000587
26 "A" 1.28235640067524 -6.77256014170084
26 "C" 0.133227109918135 -0.199641811822561
26 "G" 0.0229593713364623 1.98979348013833
27 "-" 0.126900841831269 -4.29055482172933
27 "A" 0.220906240215028 -2.36996934770253
27 "C" 0.582722499083374 -3.50890792038526
27 "T" 0.18303905823449 -0.584006888868447
28 "-" 0.321642527357479 -4.80777442309266
28 "A" 0.243884758398085 -1.29075824335996
28 "G" 0.0381868228978283 2.45462053073892
28 "T" 0.272528164833369 0.507990424368838
29 "-" 0.299107392644838 -3.91256403553734
29 "A" 0.16639650948059 0.495162478120589
29 "C" 0.264363145367048 -1.80554975625947
29 "G" -0.227489316134374 9.32705192226732
30 "-" 0.16084239480019 -3.96475019686268
30 "A" 0.266782788705468 -0.381273932518292
30 "C" 0.371052886985047 -1.34753992542488
30 "T" 0.696567632544574 -4.30578517248275
31 "-" 0.530945494632253 -10.0266749569086
31 "A" 0.16893264043269 -0.726475727114585
31 "C" 0.236279584426558 -1.78132830957649
31 "T" 0.522161624017998 -2.32936555993496
32 "-" 0.48959479777486 -14.0664921100234
32 "C" 0.419013609973167 -0.71371351045167
32 "G" 0.119060220408245 0.669051511062738
32 "T" 0.242886284533616 0.516341577636006
33 "-" 0.218408583081783 -3.20523288241398
33 "C" 0.477418002518827 -1.37550613154905
33 "G" 0.11103821772799 0.341503545293868
33 "T" 0.177221520138694 1.09467639089966
34 "-" 0.400326095476131 -5.52061386119296
34 "C" 0.0949924568601313 1.20723732761739
34 "G" 0.168593703483223 -0.872101342758794
34 "T" NA NA
35 "-" 0.205348441520833 -3.38343772555737
35 "A" 0.101524460801127 -1.37959420612629
35 "C" 0.303721780765757 0.921804591766438
35 "T" NA NA
36 "-" 0.15028217885506 -3.62546883254488
36 "A" 0.159858540984578 -0.331774638535014
36 "G" 0.171947666253681 -2.04472563927993
36 "T" 0.0643308791804475 2.59232331818472
37 "-" 0.223812419228478 -4.47811737334269
37 "A" 0.166214759303855 -0.151858556823255
37 "G" 0.238483540629094 -2.34786359366421
37 "T" 0.192931549346017 -0.342241343453672
38 "-" 0.377422126754497 -5.86543635302679
38 "A" 0.364950397774777 -4.01079266859396
38 "G" 0.23356982478406 -0.630527338927785
38 "T" 0.306533142215269 -2.75593836472804
39 "-" 0.740172523861229 -13.1792657966714
39 "A" 0.188067083546213 -0.832469751601065
39 "C" 0.329937909657786 0.110680230751074
39 "T" 0.166676945050132 0.36803811338037
40 "-" 0.385639974252919 -8.25578520556508
40 "C" 0.296583032121826 -0.991911365060835
40 "G" 0.0382506924023151 2.00112109305676
40 "T" 0.229873341990004 1.03345228087579
41 "-" 0.38370427314557 -7.9035094173417
41 "C" 0.19554073497338 -0.0402451253825834
41 "G" 0.23153027134826 1.41000122854281
41 "T" 0.20917919825694 0.288686547944904
42 "-" 0.293481016568043 -5.47316454065164
42 "C" 0.253623465411516 0.379687528733679
42 "G" 0.133310348741414 0.75877875269602
42 "T" 0.286847515177461 0.00448542436140002
43 "-" 0.29844902665199 -3.80051250311018
43 "A" 0.0962344751198687 -0.00951082010497472
43 "C" 0.252653345494159 0.0106032370972372
43 "T" 0.226307119533346 2.08444890054787
44 "-" 0.237104017377521 -2.50022985875649
44 "A" 0.144895701141508 1.21987868583498
44 "G" NA NA
44 "T" 0.0664916483368379 2.21038398104585
45 "-" 0.262697926432142 -3.62918563534104
45 "C" 0.824463069685029 -1.36110147378956
45 "G" 0.229633920937901 -2.48594570567153
45 "T" 0.221188223523259 -0.331203115662574
46 "-" 0.473179088771719 -6.99392306868521
46 "A" NA NA
46 "G" 0.812262228045243 -2.02907704225863
46 "T" 0.225666530801266 -0.496882926346831
47 "-" 0.493584493237764 -5.95189305951702
47 "A" 0.412841049126827 -1.29325989316307
47 "C" 0.231562967792882 -0.838850912764455
47 "G" 0.249629857531194 0.13662427168117
48 "-" 0.225470637278552 -3.92351158544059
48 "A" 0.145177547918205 1.66534520017432
48 "C" 0.150571796167111 1.66310084900572
48 "T" 0.222015602251554 -0.162844634930037
49 "-" 0.210238757843765 -3.22929825452886
49 "A" 0.171661935941398 0.283453645254344
49 "C" -0.0346722824648248 4.47379044387299
49 "T" NA NA
50 "-" 0.330471577932281 -5.59124971406145
50 "C" 0.201867631097207 0.321083846144297
50 "G" 0.161997433435252 -0.354280651547782
50 "T" 0.430048809974912 0.211647994652342
51 "-" 0.496897787919716 -13.0785602158521
51 "C" 0.339823090078777 -0.697160136963815
51 "G" 0.0404637922421061 1.62509840802291
51 "T" 0.166206432019247 0.603974540453094
52 "-" 0.149450708055644 -4.26329448811805
52 "A" 0.111288449331767 -0.120242716752999
52 "C" NA NA
52 "T" -0.00676381923948322 4.47480967269084
53 "-" 0.128481130866165 -2.67783975378075
53 "C" 0.262054524943691 -0.747622503307437
53 "G" 0.089201637834829 1.89121368749958
53 "T" NA NA
54 "-" 0.364030194298339 -4.26876986161967
54 "C" 0.152183817907707 0.156455681163482
54 "G" 0.305265285320825 -2.36622697333707
54 "T" 0.424100015867613 0.525985424011316
55 "-" 0.536882200210107 -7.4862200659618
55 "A" 0.144431581643942 -0.552846266474059
55 "C" 0.083541444059132 1.43414551256228
55 "T" 0.795435056705277 -1.79552201812148
56 "-" -0.00557701948937285 -5.77794862026944
56 "A" 0.246691048797536 -1.56562397151298
56 "G" 0.268109622038369 -1.87461762046979
56 "T" 0.254483644102204 1.18952877639498
57 "-" 0.73879843541135 -18.4106601970188
57 "A" 0.457457805195748 -2.29394080503462
57 "G" 0.244637214042047 -3.51764886641829
57 "T" 0.319268328330154 -0.238378664916096
58 "-" 0.175021473425118 -3.44346441980467
58 "A" 0.255821912193731 -1.79514656255782
58 "G" 0.208862266221588 -2.74825778120518
58 "T" 0.275787559120334 -0.685237066485066
59 "-" 0.671747407043187 -11.7904262977481
59 "A" 0.509660029028975 -2.20888353394893
59 "G" 0.319285492143032 -3.80520028040459
59 "T" 0.384130187153056 -1.88452483242639
60 "-" 0.878337876946142 -15.7627063670691
60 "A" 0.222296162840775 -1.76340004623852
60 "C" 0.15910493908592 -1.54525717202191
60 "G" 0.28181072852053 -1.70844841264734
61 "-" 0.97238376418058 -15.4538752910354
61 "A" 0.196716797819835 -0.286573641199456
61 "C" 0.202166852122449 -1.18712817959057
61 "G" 0.245711483645704 0.222400510269586
62 "-" 0.293057381089211 -3.7187412910628
62 "A" 0.349164133139141 -3.79295790935721
62 "C" 0.275598728841703 -0.559872045017802
62 "T" 0.357743257002215 0.238096232288307
63 "-" 0.181747357385768 -2.18473025163115
63 "A" 0.25405977063958 -1.41233047852895
63 "C" 0.206413714495086 -1.80223729738078
63 "T" 0.153855529649292 -0.095497681981999
64 "-" 0.205624529493589 -3.00320457437114
64 "A" 0.266099314178488 -2.09379443386741
64 "G" 0.819619440731211 -1.30494563438379
64 "T" 0.16346593372608 0.685820455139355
65 "-" 0.181107907368932 -1.68353303373847
65 "A" 0.435140985076216 -4.40251133511459
65 "G" 0.32215683949369 -1.40686151609231
65 "T" 0.385863432116115 -2.20119482226268
66 "-" 0.118431386164584 -0.347886564629679
66 "A" 0.232067974787246 0.192056149956327
66 "C" 0.162176549512662 -0.134675453107762
66 "G" 0.190202941853564 -0.719884972759277
67 "-" 0.430052012850879 -10.6572300341983
67 "A" 0.557016667412836 -2.02449820269808
67 "G" 0.299040267175829 -1.27930039961286
67 "T" 0.355315489911415 -1.199657834824
68 "-" 0.391233543446103 -8.33337252385198
68 "A" 0.255873450962186 -0.83079908570337
68 "G" 0.306392151825772 0.727818894221276
68 "T" 0.206189554586699 0.0692880327373579
69 "-" 0.081010920789414 -2.11367293905696
69 "A" 0.198345477695644 -1.71364265333898
69 "C" 0.297768297908168 -2.74441658849184
69 "T" 0.232830358463473 -1.26889879934237
70 "-" 0.218070589867291 -3.78951840839567
70 "A" 0.241855033014634 -2.00495030880865
70 "G" 0.160302636019701 0.665168485412298
70 "T" 0.308841758490434 1.02411740558763
71 "-" 0.313465601332318 -2.99616960365174
71 "A" 0.442082099590253 -4.00375102349246
71 "G" 0.302547414917553 0.65388274438048
71 "T" 0.30029294148076 -1.03509579847802
72 "-" 0.275675492192568 -2.9468974843227
72 "A" 0.18054415443234 -0.927854016382178
72 "C" 0.271318841291821 -1.40545499037658
72 "G" 0.246363139728465 -0.787722577428573
73 "-" 0.0834569584411421 -1.65645496525558
73 "A" 0.202149477588164 0.772928171677836
73 "C" 0.143003295848337 -0.0829558173644292
73 "T" 0.441672878896126 -0.329841712857868
74 "-" 0.128708956430159 -2.71990626278211
74 "C" 0.457132341171224 -2.3001070330758
74 "G" 0.167102091293308 0.173259911782892
74 "T" NA NA
75 "-" 0.17530516659966 -3.71175266546531
75 "C" 0.21617722472071 -0.300430949817553
75 "G" 0.172755857014458 -0.696346955471423
75 "T" 0.0817155340498021 2.51550965489166
76 "-" 0.387246482338474 -6.82864727762746
76 "A" 0.225633554772524 -2.33675155250821
76 "C" 0.301345344103993 0.781660933598881
76 "T" 0.189388845018892 0.523127069368956
77 "-" 0.213950818451801 -1.8243572232616
77 "A" 0.210171373226343 0.682069612124804
77 "C" 0.413778388882247 -0.924799074925046
77 "T" 0.393445869735949 -3.87519335236129
78 "-" 0.370932623866518 -3.60044030862034
78 "A" 0.52393792108486 -0.620874918913721
78 "C" 0.167116623209627 0.639106991086132
78 "G" 0.161202851084546 0.485510541597366
79 "-" 0.21918915989036 -1.95416421506261
79 "A" 0.279996805463671 -3.58375535303937
79 "C" 0.34441989869174 -1.12790246422743
79 "T" 0.515057643951965 -1.15733256369663
80 "-" 0.283320672818853 -3.29800654196286
80 "A" NA NA
80 "G" NA NA
80 "T" 0.769474086855555 -1.37756981184494
81 "-" 0.423209948002403 -5.47262045668696
81 "C" 1.09207586441615 -8.42831876659909
81 "G" 0.224623102579034 -1.83329567682209
81 "T" 0.594085896533169 -1.33826784933705
82 "-" 0.48170908432167 -12.6703925264455
82 "A" 0.507913834462682 -2.97151555793599
82 "C" 0.0911100489627874 0.412418026323116
82 "G" 0.440305822109039 -3.65975748540484
83 "-" 0.16469016897286 -2.86780365243967
83 "A" 0.147887312372493 2.39136612805997
83 "C" 0.0414236423563078 2.38651586935046
83 "G" 0.0895014594981352 1.19673483893696
84 "-" 0.235889795739266 -4.34662439140753
84 "A" 0.206164160904224 0.273999969197173
84 "C" 0.374831871612044 -2.36557799879575
84 "G" 0.180320450102603 -0.80910727420505
85 "-" 0.149240113751693 -2.57632187583674
85 "A" 0.211438020108744 -1.93781092947571
85 "C" 0.150892811221766 1.79862995682149
85 "T" 0.175835406089095 -0.930668094074867
86 "-" 0.176103363540658 -1.89657583513543
86 "A" 0.158007212576889 -0.0342732828174568
86 "C" 0.150210456197855 -0.967767027790906
86 "G" 0.140380438768489 -2.12928276058447
87 "-" 0.0903546118112764 0.420979740743885
87 "A" 0.14812482630307 1.63795026117548
87 "C" 0.125640075789635 -0.550422661504023
87 "G" 0.225390195156335 0.417360434449751
88 "-" 0.101772152043516 -0.164940634655379
88 "A" 0.200439604068089 -1.62428841055823
88 "C" 0.0479729563815929 2.3300130962185
88 "T" 0.0676988203610818 0.855164513868296
89 "-" 0.163452351892521 -1.10246066385529
89 "A" 0.199107482316503 -0.693598321686485
89 "C" NA NA
89 "T" 0.166842305696803 -0.0992033565085188
90 "-" 0.022475420886344 -5.25468499209494
90 "A" 0.119771793001761 1.77593411845745
90 "C" 0.0373611518269983 1.3641588895181
90 "G" 0.29165060311734 -3.40187033104419
91 "-" 0.0870690003520513 -2.72339554809621
91 "A" 0.322608581773669 -1.3331388954718
91 "C" 0.103205026250177 0.809643550375819
91 "G" 0.51618912642292 -1.68759648710201
92 "-" 0.213043288142202 -1.62850072635791
92 "A" 0.748976714385139 -3.91155734432299
92 "C" 0.327745401651142 -2.24210215124674
92 "G" 0.221771424748997 -0.521378387779276
93 "-" 0.170627978503448 -1.14251316227728
93 "A" 0.233422890801758 -0.912001743856158
93 "C" 0.158714087687015 -0.484988352087314
93 "G" 0.190510233653423 -2.9671685325265
94 "-" 0.218386373120283 -1.96657884242932
94 "A" 0.230967750315182 -2.35949396761855
94 "C" 0.304537988125868 0.557641857048584
94 "T" 0.0915367683295844 -1.45647864202921
95 "-" 0.70928022161393 -5.90734361197864
95 "A" 0.163458913154781 -0.2399855764523
95 "C" 0.100233161564737 0.605046459932495
95 "G" 0.295095850846689 -0.323044123872778
96 "-" 0.157024032260876 -1.49655521656891
96 "A" 0.177861459998936 -0.102617897143028
96 "C" 0.14403344564177 -0.0899072181164475
96 "G" 0.205148278572431 -1.42177139284261
97 "-" 0.236442366298593 -3.14886009499914
97 "A" 0.35570156236387 -1.62513362701049
97 "G" 0.326484150134075 -1.08008487447749
97 "T" 0.119575774430635 3.00628216927186
98 "-" 0.183161093678612 -2.34603539072102
98 "A" 0.349069878138447 -3.55526601266499
98 "C" 0.376287709591275 -3.36463665043173
98 "G" 0.266372134031854 -0.886341249515967
99 "-" 0.301561922413038 -1.90745834299836
99 "A" 0.221846080820613 -1.21232798299293
99 "C" 0.188434944803852 -2.2274585199186
99 "T" NA NA
100 "-" 0.242510588670957 -4.29877381594524
100 "C" 0.183191192133527 1.93804495533819
100 "G" 0.0974925966065157 -1.75752824432496
100 "T" 0.547758603523031 -0.793434349954516
